 LINE NOMARKER XFORMAT I3 YFORMAT I5
 TITLE "ACCELERATION VS. TIME"
 XLABEL "TIME (SEC)"
 YLABEL "ACCELERATION (METERS/SEC/SEC)"
 NEWPEN 3
   0.0000000       12.815385    
  0.20000000       12.849236    
  0.40000001       12.881193    
  0.60000002       12.911232    
  0.80000001       12.939333    
  1.00000000       12.965477    
   1.2000000       12.989648    
   1.4000001       13.011829    
   1.6000001       13.032017    
   1.8000002       13.050189    
   2.0000002       13.066344    
   2.2000003       13.080475    
   2.4000003       13.092580    
   2.6000004       13.102654    
   2.8000004       13.110700    
   3.0000005       13.116715    
   3.2000005       13.120712    
   3.4000006       13.122691    
   3.6000006       13.122663    
   3.8000007       13.120640    
   4.0000005       13.116633    
   4.2000003       13.110660    
   4.4000001       13.102737    
   4.5999999       13.092884    
   4.7999997       13.081122    
   4.9999995       13.067471    
   5.1999993       13.051962    
   5.3999991       13.034616    
   5.5999990       13.015466    
   5.7999988       12.994542    
   5.9999986       12.971874    
   6.1999984       12.947496    
   6.3999982       12.921445    
   6.5999980       12.893759    
   6.7999978       12.864471    
   6.9999976       12.833630    
   7.1999974       12.801264    
   7.3999972       12.767428    
   7.5999970       12.732158    
   7.7999969       12.695498    
   7.9999967       12.657497    
   8.1999969       12.618198    
   8.3999968       12.577649    
   8.5999966       12.535900    
   8.7999964       12.492997    
   8.9999962       12.448988    
   9.1999960       12.403925    
   9.3999958       12.357855    
   9.5999956       12.310834    
   9.7999954       12.262903    
   9.9999952       12.214121    
   10.199995       12.164537    
   10.399995       12.114201    
   10.599995       12.063161    
   10.799994       12.011475    
   10.999994       11.959187    
   11.199994       11.906349    
   11.399994       11.853009    
   11.599994       11.799223    
   11.799994       11.745038    
   11.999993       11.690499    
   12.199993       11.635656    
   12.399993       11.580562    
   12.599993       11.525258    
   12.799993       11.469792    
   12.999992       11.414212    
   13.199992       11.358559    
   13.399992       11.302885    
   13.599992       11.247223    
   13.799992       11.191623    
   13.999991       11.136129    
   14.199991       11.080776    
   14.399991       11.025606    
   14.599991       10.970660    
   14.799991       10.915973    
   14.999990       10.861585    
   15.199990       10.807529    
   15.399990       10.753846    
   15.599990       10.700564    
   15.799990       10.647718    
   15.999990       10.595342    
   16.199989       10.543466    
   16.399990       10.492122    
   16.599991       10.441333    
   16.799992       10.391136    
   16.999992       10.341552    
   17.199993       10.292612    
   17.399994       10.244333    
   17.599995       10.196745    
   17.799995       10.149873    
   17.999996       10.103732    
   18.199997       10.058350    
   18.399998       10.013743    
   18.599998       9.9699335    
   18.799999       9.9269390    
   19.000000       9.8847742    
   19.200001       9.8434572    
   19.400002       9.8030052    
   19.600002       9.7634315    
   19.800003       9.7247524    
   20.000004       9.6869783    
   20.200005       9.6501245    
   20.400005       9.6141987    
   20.600006       9.5792170    
   20.800007       9.5451841    
   21.000008       9.5121155    
   21.200008       9.4800167    
   21.400009       9.4488945    
   21.600010       9.4187593    
   21.800011       9.3896170    
   22.000011       9.3614712    
   22.200012       9.3343334    
   22.400013       9.3082027    
   22.600014       9.2830896    
   22.800014       9.2589941    
   23.000015       9.2359180    
   23.200016       9.2138691    
   23.400017       9.1928501    
   23.600018       9.1728611    
   23.800018       9.1539021    
   24.000019       9.1359777    
   24.200020       9.1190872    
   24.400021       9.1032362    
   24.600021       9.0884190    
   24.800022       9.0746365    
   25.000023       9.0618944    
   25.200024       9.0501833    
   25.400024       9.0395069    
   25.600025       9.0298653    
   25.800026       9.0212555    
   26.000027       9.0136786    
   26.200027       9.0071268    
   26.400028       9.0016022    
   26.600029       8.9971046    
   26.800030       8.9936285    
   27.000031       8.9911728    
   27.200031       8.9897327    
   27.400032       8.9893093    
   27.600033       8.9898968    
   27.800034       8.9914932    
   28.000034       8.9940968    
   28.200035       8.9977026    
   28.400036       9.0023098    
   28.600037       9.0079117    
   28.800037       9.0145082    
   29.000038       9.0220938    
   29.200039       9.0306664    
   29.400040       9.0402222    
   29.600040       9.0507565    
   29.800041       9.0622721    
   30.000042      -20.262621    
   30.200043      -19.920301    
   30.400043      -19.591280    
   30.600044      -19.274887    
   30.800045      -18.970497    
   31.000046      -18.677525    
   31.200047      -18.395416    
   31.400047      -18.123653    
   31.600048      -17.861752    
   31.800049      -17.609249    
   32.000050      -17.365715    
   32.200050      -17.130745    
   32.400051      -16.903948    
   32.600052      -16.684965    
   32.800053      -16.473454    
   33.000053      -16.269093    
   33.200054      -16.071571    
   33.400055      -15.880603    
   33.600056      -15.695910    
   33.800056      -15.517235    
   34.000057      -15.344330    
   34.200058      -15.176965    
   34.400059      -15.014912    
   34.600060      -14.857964    
   34.800060      -14.705919    
   35.000061      -14.558586    
   35.200062      -14.415787    
   35.400063      -14.277346    
   35.600063      -14.143101    
   35.800064      -14.012894    
   36.000065      -13.886577    
   36.200066      -13.764009    
   36.400066      -13.645050    
   36.600067      -13.529575    
   36.800068      -13.417460    
   37.000069      -13.308586    
   37.200069      -13.202839    
   37.400070      -13.100111    
   37.600071      -13.000301    
   37.800072      -12.903311    
   38.000072      -12.809043    
   38.200073      -12.717409    
   38.400074      -12.628324    
   38.600075      -12.541702    
   38.800076      -12.457465    
   39.000076      -12.375537    
   39.200077      -12.295843    
   39.400078      -12.218315    
   39.600079      -12.142886    
   39.800079      -12.069489    
   40.000080      -11.998064    
   40.200081      -11.928553    
   40.400082      -11.860893    
   40.600082      -11.795034    
   40.800083      -11.730923    
   41.000084      -11.668507    
   41.200085      -11.607738    
   41.400085      -11.548569    
   41.600086      -11.490955    
   41.800087      -11.434852    
   42.000088      -11.380219    
   42.200089      -11.327013    
   42.400089      -11.275199    
   42.600090      -11.224736    
   42.800091      -11.175590    
   43.000092      -11.127727    
   43.200092      -11.081110    
   43.400093      -11.035710    
   43.600094      -10.991494    
   43.800095      -10.948434    
   44.000095      -10.906499    
   44.200096      -10.865662    
   44.400097      -10.825895    
   44.600098      -10.787174    
   44.800098      -10.749473    
   45.000099      -10.712767    
   45.200100      -10.677032    
   45.400101      -10.642248    
   45.600101      -10.608392    
   45.800102      -10.575442    
   46.000103      -10.543380    
   46.200104      -10.512184    
   46.400105      -10.481837    
   46.600105      -10.452320    
   46.800106      -10.423615    
   47.000107      -10.395706    
   47.200108      -10.368576    
   47.400108      -10.342210    
   47.600109      -10.316590    
   47.800110      -10.291705    
   48.000111      -10.267539    
   48.200111      -10.244078    
   48.400112      -10.221309    
   48.600113      -10.199219    
   48.800114      -10.177797    
   49.000114      -10.157030    
   49.200115      -10.136907    
   49.400116      -10.117416    
   49.600117      -10.098549    
   49.800117      -10.080293    
   50.000118      -10.062638    
   50.200119      -10.045577    
   50.400120      -10.029099    
   50.600121      -10.013197    
   50.800121      -9.9978619    
   51.000122      -9.9830847    
   51.200123      -9.9688578    
   51.400124      -9.9551754    
   51.600124      -9.9420290    
   51.800125      -9.9294119    
   52.000126      -9.9173174    
   52.200127      -9.9057407    
   52.400127      -9.8946743    
   52.600128      -9.8841133    
   52.800129      -9.8740520    
   53.000130      -9.8644867    
   53.200130      -9.8554106    
   53.400131      -9.8468199    
   53.600132      -9.8387108    
   53.800133      -9.8310795    
   54.000134      -9.8239202    
   54.200134      -9.8172312    
   54.400135      -9.8110094    
   54.600136      -9.8052502    
   54.800137      -9.7999516    
   55.000137      -9.7951107    
   55.200138      -9.7907267    
   55.400139      -9.7867947    
   55.600140      -9.7833147    
   55.800140      -9.7802839    
   56.000141      -9.7777023    
   56.200142      -9.7755671    
   56.400143      -9.7738771    
   56.600143      -9.7726345    
   56.800144      -9.7718353    
   57.000145      -9.7714796    
   57.200146      -9.7713509    
   57.400146      -9.7708206    
   57.600147      -9.7698498    
   57.800148      -9.7684364    
   58.000149      -9.7665815    
   58.200150      -9.7642851    
   58.400150      -9.7615452    
   58.600151      -9.7583628    
   58.800152      -9.7547369    
   59.000153      -9.7506685    
   59.200153      -9.7461538    
   59.400154      -9.7411966    
   59.600155      -9.7357922    
   59.800156      -9.7299423    
   60.000156      -9.7236462    
   60.200157      -9.7169018    
   60.400158      -9.7097101    
   60.600159      -9.7020683    
   60.800159      -9.6939764    
   61.000160      -9.6854334    
   61.200161      -9.6764383    
   61.400162      -9.6669884    
   61.600163      -9.6570854    
   61.800163      -9.6467266    
   62.000164      -9.6359100    
   62.200165      -9.6246357    
   62.400166      -9.6129026    
   62.600166      -9.6007071    
   62.800167      -9.5880499    
   63.000168      -9.5749292    
   63.200169      -9.5613422    
   63.400169      -9.5472879    
   63.600170      -9.5327663    
   63.800171      -9.5177746    
   64.000168      -9.5023108    
   64.200165      -9.4863720    
   64.400162      -9.4699602    
   64.600159      -9.4530697    
   64.800156      -9.4357004    
   65.000153      -9.4178505    
   65.200150      -9.3995180    
   65.400146      -9.3807011    
   65.600143      -9.3613987    
   65.800140      -9.3416061    
   66.000137      -9.3213234    
   66.200134      -9.3005486    
   66.400131      -9.2792788    
   66.600128      -9.2575130    
   66.800125      -9.2352476    
   67.000122      -9.2124825    
   67.200119      -9.1892138    
   67.400116      -9.1654406    
   67.600113      -9.1411591    
   67.800110      -9.1163702    
   68.000107      -9.0910683    
   68.200104      -9.0652533    
   68.400101      -9.0389223    
   68.600098      -9.0120745    
   68.800095      -8.9847050    
   69.000092      -8.9568138    
   69.200089      -8.9283991    
   69.400085      -8.8994579    
   69.600082      -8.8699875    
   69.800079      -8.8399858    
   70.000076      -8.8094521    
   70.200073      -8.7783833    
   70.400070      -8.7467775    
   70.600067      -8.7146330    
   70.800064      -8.6819458    
   71.000061      -8.6487179    
   71.200058      -8.6149435    
   71.400055      -8.5806236    
   71.600052      -8.5457554    
   71.800049      -8.5103350    
   72.000046      -8.4743633    
   72.200043      -8.4378376    
   72.400040      -8.4007549    
   72.600037      -8.3631172    
   72.800034      -8.3249197    
   73.000031      -8.2861624    
   73.200027      -8.2468414    
   73.400024      -8.2069588    
   73.600021      -8.1665115    
   73.800018      -8.1254988    
   74.000015      -8.0839205    
   74.200012      -8.0417728    
   74.400009      -7.9990568    
   74.600006      -7.9557710    
   74.800003      -7.9119148    
   75.000000      -7.8674884    
   75.199997      -7.8224897    
   75.399994      -7.7769184    
   75.599991      -7.7307758    
   75.799988      -7.6840601    
   75.999985      -7.6367712    
   76.199982      -7.5889096    
   76.399979      -7.5404758    
   76.599976      -7.4914694    
   76.799973      -7.4418907    
   76.999969      -7.3917408    
   77.199966      -7.3410196    
   77.399963      -7.2897301    
   77.599960      -7.2378697    
   77.799957      -7.1854410    
   77.999954      -7.1324472    
   78.199951      -7.0788879    
   78.399948      -7.0247650    
   78.599945      -6.9700799    
   78.799942      -6.9148350    
   78.999939      -6.8590322    
   79.199936      -6.8026752    
   79.399933      -6.7457638    
   79.599930      -6.6883030    
   79.799927      -6.6302948    
   79.999924      -6.5717425    
   80.199921      -6.5126486    
   80.399918      -6.4530182    
   80.599915      -6.3928528    
   80.799911      -6.3321581    
   80.999908      -6.2709370    
   81.199905      -6.2091951    
   81.399902      -6.1469350    
   81.599899      -6.0841646    
   81.799896      -6.0208855    
   81.999893      -5.9571047    
   82.199890      -5.8928266    
   82.399887      -5.8280582    
   82.599884      -5.7628050    
   82.799881      -5.6970720    
   82.999878      -5.6308675    
   83.199875      -5.5641971    
   83.399872      -5.4970660    
   83.599869      -5.4294844    
   83.799866      -5.3614569    
   83.999863      -5.2929945    
   84.199860      -5.2241011    
   84.399857      -5.1547866    
   84.599854      -5.0850606    
   84.799850      -5.0149279    
   84.999847      -4.9444017    
   85.199844      -4.8734884    
   85.399841      -4.8021984    
   85.599838      -4.7305412    
   85.799835      -4.6585250    
   85.999832      -4.5861616    
   86.199829      -4.5134611    
   86.399826      -4.4404335    
   86.599823      -4.3670893    
   86.799820      -4.2934394    
   86.999817      -4.2194967    
   87.199814      -4.1452708    
   87.399811      -4.0707731    
   87.599808      -3.9960189    
   87.799805      -3.9210162    
   87.999802      -3.8457789    
   88.199799      -3.7703204    
   88.399796      -3.6946521    
   88.599792      -3.6187868    
   88.799789      -3.5427399    
   88.999786      -3.4665227    
   89.199783      -3.3901510    
   89.399780      -3.3136349    
   89.599777      -3.2369909    
   89.799774      -3.1602325    
   89.999771      -3.0833750    
   90.199768      -3.0064301    
   90.399765      -2.9294147    
   90.599762      -2.8523421    
   90.799759      -2.7752299    
   90.999756      -2.6980882    
   91.199753      -2.6209364    
   91.399750      -2.5437884    
   91.599747      -2.4666586    
   91.799744      -2.3895626    
   91.999741      -2.3125186    
   92.199738      -2.2355371    
   92.399734      -2.1586394    
   92.599731      -2.0818372    
   92.799728      -2.0051484    
   92.999725      -1.9285879    
   93.199722      -1.8521700    
   93.399719      -1.7759132    
   93.599716      -1.6998348    
   93.799713      -1.6239452    
   93.999710      -1.5482635    
   94.199707      -1.4728069    
   94.399704      -1.3975887    
   94.599701      -1.3226252    
   94.799698      -1.2479343    
   94.999695      -1.1735306    
   95.199692      -1.0994272    
   95.399689      -1.0256433    
   95.599686     -0.95219040    
   95.799683     -0.87908745    
   95.999680     -0.80634689    
   96.199677     -0.73398685    
   96.399673     -0.66202068    
   96.599670     -0.59046364    
   96.799667     -0.51933098    
   96.999664     -0.44863510    
   97.199661     -0.37839031    
   97.399658     -0.30861473    
   97.599655     -0.23931980    
   97.799652     -0.17051888    
   97.999649     -0.10222626    
   98.199646     -3.44543457E-02
   98.399643      3.27825546E-02
   98.599640      9.94701385E-02
   98.799637      0.16559887    
   98.999634      0.23115635    
   99.199631      0.29612827    
   99.399628      0.36050320    
   99.599625      0.42426872    
   99.799622      0.48741531    
   99.999619      0.54992867    
   100.19962      0.61180401    
   100.39961      0.67302704    
   100.59961      0.73358631    
   100.79961      0.79347515    
   100.99960      0.85268211    
   101.19960      0.91119766    
   101.39960      0.96901608    
   101.59959       1.0261250    
   101.79959       1.0825195    
   101.99959       1.1381874    
   102.19958       1.1931238    
   102.39958       1.2473230    
   102.59958       1.3007755    
   102.79958       1.3534765    
   102.99957       1.4054203    
   103.19957       1.4565992    
   103.39957       1.5070076    
   103.59956       1.5566454    
   103.79956       1.6055040    
   103.99956       1.6535778    
   104.19955       1.7008667    
   104.39955       1.7473631    
   104.59955       1.7930660    
   104.79955       1.8379736    
   104.99954       1.8820810    
   105.19954       1.9253855    
   105.39954       1.9678907    
   105.59953       2.0095873    
   105.79953       2.0504818    
   105.99953       2.0905685    
   106.19952       2.1298485    
   106.39952       2.1683216    
   106.59952       2.2059908    
   106.79951       2.2428503    
   106.99951       2.2789068    
   107.19951       2.3141584    
   107.39951       2.3486080    
   107.59950       2.3822575    
 NEWPEN 1
